BACL_11
!CH3COCOCH3 + HV = 2 CH3CO.
! Absorption cross sections of IUPAC (2011), current as of 12/13
! IUPAC (2011) gives no specific recommendation on wavelength-dependence
! quantum yields.  Quantum yields calculated using  the IUPAC (2005)-
! recommended expression for the pressure and wavelength-dependence quantum
! yields for methyl glyoxal, as used with SAPRC-07, but with the effective
! presssure adjusted so the photolysis rate, relative to that for NO2,
! under ambient conditions is consistent with  the data of Plum et al (1983)
! and Klotz et al (2000).
!
Points (the mechanism evaluated with this format)                                
! With FAC, units are (cm^2/molecule)                                            
FAC=1.0                                                                          
280.0 4.710E-20 0.996
282.5 4.575E-20 0.995
285.0 4.140E-20 0.994
287.5 3.695E-20 0.993
290.0 3.380E-20 0.991
292.5 3.155E-20 0.990
295.0 2.730E-20 0.988
297.5 2.195E-20 0.986
300.0 1.770E-20 0.984
302.5 1.500E-20 0.981
305.0 1.320E-20 0.978
307.5 1.155E-20 0.974
310.0 8.200E-21 0.970
312.5 5.800E-21 0.966
315.0 4.400E-21 0.961
317.5 3.700E-21 0.955
320.0 3.300E-21 0.949
322.5 3.100E-21 0.942
325.0 2.300E-21 0.934
327.5 1.950E-21 0.925
330.0 2.000E-21 0.916
332.5 2.050E-21 0.905
335.0 2.300E-21 0.894
337.5 2.700E-21 0.881
340.0 3.000E-21 0.868
342.5 3.600E-21 0.853
345.0 4.100E-21 0.838
347.5 4.850E-21 0.821
350.0 5.700E-21 0.803
352.5 6.650E-21 0.785
355.0 7.700E-21 0.765
357.5 8.900E-21 0.744
360.0 1.020E-20 0.723
362.5 1.225E-20 0.701
365.0 1.410E-20 0.678
367.5 1.615E-20 0.655
370.0 1.850E-20 0.631
372.5 2.060E-20 0.607
375.0 2.250E-20 0.582
377.5 2.455E-20 0.558
380.0 2.680E-20 0.534
382.5 2.995E-20 0.509
385.0 3.390E-20 0.476
387.5 3.745E-20 0.433
390.0 4.170E-20 0.394
392.5 4.515E-20 0.359
395.0 4.670E-20 0.328
397.5 4.870E-20 0.299
400.0 5.120E-20 0.274
402.5 5.320E-20 0.251
405.0 5.750E-20 0.230
407.5 6.365E-20 0.211
410.0 6.690E-20 0.194
412.5 7.040E-20 0.178
415.0 7.470E-20 0.164
417.5 7.565E-20 0.151
420.0 7.370E-20 0.140
422.5 7.245E-20 0.129
425.0 6.980E-20 0.119
427.5 6.500E-20 0.110
430.0 6.310E-20 0.102
432.5 6.705E-20 0.094
435.0 6.720E-20 0.088
437.5 6.410E-20 0.081
440.0 6.510E-20 0.076
442.5 7.110E-20 0.070
445.0 6.490E-20 0.065
447.5 5.220E-20 0.061
450.0 4.060E-20 0.057
452.5 2.925E-20 0.053
455.0 1.720E-20 0.049
457.5 9.950E-21 0.046
460.0 5.500E-21 0.043
462.5 3.200E-21 0.040
465.0 1.800E-21 0.038
467.5 1.100E-21 0.035
470.0 7.000E-22 0.033
472.5 0.000E+00 0.031