BALD_11
!Benzaldehyde absorption cross sections recommended by Calvert et al (2011)
!
Points (the mechanism evaluated with this format)                                
! With FAC, units are (cm^2/molecule)                                            
FAC=1.0                                                                          
276.0 2.060E-18 1.00
277.0 2.280E-18 1.00
278.0 2.200E-18 1.00
279.0 1.700E-18 1.00
280.0 1.720E-18 1.00
281.0 2.100E-18 1.00
282.0 1.640E-18 1.00
283.0 1.740E-18 1.00
284.0 2.400E-18 1.00
285.0 1.540E-18 1.00
286.0 8.400E-19 1.00
287.0 5.600E-19 1.00
288.0 3.700E-19 1.00
289.0 2.400E-19 1.00
290.0 1.500E-19 1.00
291.0 1.200E-19 1.00
292.0 1.000E-19 1.00
293.0 8.700E-20 1.00
294.0 6.500E-20 1.00
295.0 5.900E-20 1.00
296.0 5.300E-20 1.00
297.0 4.900E-20 1.00
298.0 4.700E-20 1.00
299.0 4.700E-20 1.00
300.0 4.700E-20 1.00
301.0 4.900E-20 1.00
302.0 5.100E-20 1.00
303.0 5.500E-20 1.00
304.0 5.800E-20 1.00
305.0 6.000E-20 1.00
306.0 5.800E-20 1.00
307.0 5.300E-20 1.00
308.0 5.100E-20 1.00
309.0 4.900E-20 1.00
310.0 5.100E-20 1.00
311.0 5.600E-20 1.00
312.0 6.000E-20 1.00
313.0 6.600E-20 1.00
314.0 6.900E-20 1.00
315.0 7.100E-20 1.00
316.0 6.800E-20 1.00
317.0 6.300E-20 1.00
318.0 6.200E-20 1.00
319.0 5.800E-20 1.00
320.0 5.800E-20 1.00
321.0 6.300E-20 1.00
322.0 6.700E-20 1.00
323.0 7.200E-20 1.00
324.0 6.900E-20 1.00
325.0 7.000E-20 1.00
326.0 7.200E-20 1.00
327.0 8.200E-20 1.00
328.0 7.400E-20 1.00
329.0 6.700E-20 1.00
330.0 6.100E-20 1.00
331.0 5.800E-20 1.00
332.0 6.200E-20 1.00
333.0 6.200E-20 1.00
334.0 7.500E-20 1.00
335.0 7.500E-20 1.00
336.0 7.800E-20 1.00
337.0 7.200E-20 1.00
338.0 5.800E-20 1.00
339.0 5.800E-20 1.00
340.0 5.600E-20 1.00
341.0 5.600E-20 1.00
342.0 4.600E-20 1.00
343.0 4.100E-20 1.00
344.0 4.100E-20 1.00
345.0 3.700E-20 1.00
346.0 4.500E-20 1.00
347.0 5.200E-20 1.00
348.0 5.400E-20 1.00
349.0 7.100E-20 1.00
350.0 6.500E-20 1.00
351.0 5.200E-20 1.00
352.0 4.600E-20 1.00
353.0 3.400E-20 1.00
354.0 2.900E-20 1.00
355.0 3.100E-20 1.00
356.0 3.000E-20 1.00
357.0 3.000E-20 1.00
358.0 2.200E-20 1.00
359.0 1.900E-20 1.00
360.0 2.400E-20 1.00
361.0 2.300E-20 1.00
362.0 2.300E-20 1.00
363.0 2.600E-20 1.00
364.0 2.300E-20 1.00
365.0 2.400E-20 1.00
366.0 3.100E-20 1.00
367.0 1.600E-20 1.00
368.0 1.600E-20 1.00