BALD3_CALVERT11
! BALD + HV = ROCN2OXY2 
! Absorption x-section from Calvert et al., 2011 Recommendations; page 1320
! Quantum yield data are from Calvert et al., 2011
! Calvert, J.G., A. Mellouki, J.J, Orlando, M.J. Pilling and T.J. Wallington, 
!   Mechanisms of Atmospheric Oxidation of the Oxygenates, Oxford, 2011.
! Supplied by Dr. William Stockwell, reformatted by Dr. Golam Sarwar to make it compatible with CMAQ
Points
! With FAC, units are (cm^2/molecule)
FAC=1.0
276	2.06E-18	0.380
277	2.28E-18	0.380
278	2.20E-18	0.380
279	1.70E-18	0.390
280	1.72E-18	0.390
281	2.10E-18	0.390
282	1.64E-18	0.390
283	1.74E-18	0.390
284	2.40E-18	0.390
285	1.54E-18	0.390
286	8.40E-19	0.390
287	5.60E-19	0.390
288	3.70E-19	0.390
289	2.40E-19	0.390
290	1.50E-19	0.390
291	1.20E-19	0.390
292	1.00E-19	0.390
293	8.70E-20	0.390
294	6.50E-20	0.390
295	5.90E-20	0.390
296	5.30E-20	0.390
297	4.90E-20	0.400
298	4.70E-20	0.400
299	4.70E-20	0.400
300	4.70E-20	0.400
301	4.90E-20	0.400
302	5.10E-20	0.400
303	5.50E-20	0.400
304	5.80E-20	0.400
305	6.00E-20	0.400
306	5.80E-20	0.400
307	5.30E-20	0.400
308	5.10E-20	0.400
309	4.90E-20	0.400
310	5.10E-20	0.400
311	5.60E-20	0.400
312	6.00E-20	0.400
313	6.60E-20	0.400
314	6.90E-20	0.400
315	7.10E-20	0.400
316	6.80E-20	0.400
317	6.30E-20	0.400
318	6.20E-20	0.400
319	5.80E-20	0.400
320	5.80E-20	0.400
321	6.30E-20	0.400
322	6.70E-20	0.400
323	7.20E-20	0.400
324	6.90E-20	0.400
325	7.00E-20	0.400
326	7.20E-20	0.400
327	8.20E-20	0.400
328	7.40E-20	0.400
329	6.70E-20	0.400
330	6.10E-20	0.400
331	5.80E-20	0.400
332	6.20E-20	0.400
333	6.20E-20	0.400
334	7.50E-20	0.400
335	7.50E-20	0.400
336	7.80E-20	0.400
337	7.20E-20	0.400
338	5.80E-20	0.400
339	6.80E-20	0.400
340	5.60E-20	0.400
341	5.60E-20	0.400
342	4.60E-20	0.400
343	4.10E-20	0.400
344	4.10E-20	0.400
345	3.70E-20	0.400
346	4.50E-20	0.400
347	5.20E-20	0.400
348	5.40E-20	0.400
349	7.10E-20	0.400
350	6.50E-20	0.400
351	5.20E-20	0.400
352	4.60E-20	0.400
353	3.40E-20	0.400
354	2.90E-20	0.400
355	3.10E-20	0.400
356	3.00E-20	0.400
357	3.00E-20	0.400
358	2.20E-20	0.400
359	1.90E-20	0.400
360	2.40E-20	0.400
361	2.30E-20	0.400
362	2.30E-20	0.400
363	2.60E-20	0.400
364	2.30E-20	0.400
365	2.40E-20	0.400
366	3.10E-20	0.400
367	1.60E-20	0.400
368	1.60E-20	0.400


