BR2_JPL19
! BR2 + HV = 2BR
! JPL Publication 19-5;  Evaluation Number 19; May 2020
! Page: 4-310; Table 4G-1-2
! Quantum yield is taken as 1.0
! Maric, D.; Burrows, J. P.; Moortgat, G. K. A Study of the UV-visible absorption spectra of Br2 andBrCl. J. Photochem. Photobiol A: Chem. 1994, 83, 179-192, doi:10.1016/1010-6030(94)03823-6
! Chemical Kinetics and Photochemical Data for Use in Atmospheric Studies
! https://jpldataeval.jpl.nasa.gov/pdf/NASA-JPL%20Evaluation%2019-5.pdf
! Assume these are point values (not specified in data source)
POINT
! With FAC, units are (cm^2/molecule)
FAC=1.0
200	5.62E-21	1.00
205	7.23E-21	1.00
210	8.70E-21	1.00
215	9.83E-21	1.00
220	1.05E-20	1.00
225	1.06E-20	1.00
230	1.01E-20	1.00
235	9.25E-21	1.00
240	8.08E-21	1.00
245	6.76E-21	1.00
250	5.44E-21	1.00
255	4.22E-21	1.00
260	3.16E-21	1.00
265	2.29E-21	1.00
270	1.61E-21	1.00
275	1.10E-21	1.00
280	7.28E-22	1.00
285	4.72E-22	1.00
290	2.99E-22	1.00
295	1.87E-22	1.00
300	1.22E-22	1.00
305	1.00E-22	1.00
310	1.35E-22	1.00
315	2.74E-22	1.00
320	6.26E-22	1.00
325	1.41E-21	1.00
330	3.00E-21	1.00
335	6.02E-21	1.00
340	1.14E-20	1.00
345	2.05E-20	1.00
350	3.49E-20	1.00
355	5.63E-20	1.00
360	8.66E-20	1.00
365	1.27E-19	1.00
370	1.78E-19	1.00
375	2.39E-19	1.00
380	3.07E-19	1.00
385	3.79E-19	1.00
390	4.51E-19	1.00
395	5.18E-19	1.00
400	5.74E-19	1.00
405	6.16E-19	1.00
410	6.42E-19	1.00
415	6.51E-19	1.00
420	6.45E-19	1.00
425	6.28E-19	1.00
430	6.01E-19	1.00
435	5.71E-19	1.00
440	5.40E-19	1.00
445	5.12E-19	1.00
450	4.88E-19	1.00
455	4.68E-19	1.00
460	4.52E-19	1.00
465	4.40E-19	1.00
470	4.28E-19	1.00
475	4.16E-19	1.00
480	4.03E-19	1.00
485	3.86E-19	1.00
490	3.66E-19	1.00
495	3.43E-19	1.00
500	3.18E-19	1.00
505	2.90E-19	1.00
510	2.62E-19	1.00
515	2.34E-19	1.00
520	2.06E-19	1.00
525	1.80E-19	1.00
530	1.57E-19	1.00
535	1.36E-19	1.00
540	1.17E-19	1.00
545	1.01E-19	1.00
550	8.68E-20	1.00
555	7.47E-20	1.00
560	6.43E-20	1.00
565	5.54E-20	1.00
570	4.77E-20	1.00
575	4.09E-20	1.00
580	3.50E-20	1.00
585	2.98E-20	1.00
590	2.52E-20	1.00
595	2.11E-20	1.00
600	1.76E-20	1.00
605	1.45E-20	1.00
610	1.19E-20	1.00
615	9.58E-21	1.00
620	7.67E-21	1.00
625	6.07E-21	1.00
630	4.75E-21	1.00
635	3.68E-21	1.00
640	2.82E-21	1.00
645	2.14E-21	1.00
650	1.61E-21	1.00
