BRCL_JPL19
! BRCL + HV = BR + CL 
! JPL Publication 19-5;  Evaluation Number 19; May 2020
! Page: 4-329; Table 4G-11
! Quantum yield is taken as 1.0
! Maric, D.; Burrows, J. P.; Moortgat, G. K. A Study of the UV-visible absorption spectra of Br2 and BrCl. J. Photochem. Photobiol A: Chem. 1994, 83, 179-192, doi:10.1016/1010-6030(94)03823-6
! https://jpldataeval.jpl.nasa.gov/pdf/NASA-JPL%20Evaluation%2019-5.pdf
! Assume these are point values (not specified in data source)
POINT
! With FAC, units are (cm^2/molecule)
FAC=1.0
200.00	2.64E-20	1.00
205.00	3.61E-20	1.00
210.00	4.59E-20	1.00
215.00	5.47E-20	1.00
220.00	6.13E-20	1.00
225.00	6.47E-20	1.00
230.00	6.48E-20	1.00
235.00	6.17E-20	1.00
240.00	5.60E-20	1.00
245.00	4.86E-20	1.00
250.00	4.05E-20	1.00
255.00	3.24E-20	1.00
260.00	2.50E-20	1.00
265.00	1.86E-20	1.00
270.00	1.35E-20	1.00
275.00	9.45E-21	1.00
280.00	6.53E-21	1.00
285.00	4.58E-21	1.00
290.00	3.57E-21	1.00
295.00	3.62E-21	1.00
300.00	5.04E-21	1.00
305.00	8.45E-21	1.00
310.00	1.47E-20	1.00
315.00	2.51E-20	1.00
320.00	4.08E-20	1.00
325.00	6.30E-20	1.00
330.00	9.25E-20	1.00
335.00	1.29E-19	1.00
340.00	1.72E-19	1.00
345.00	2.19E-19	1.00
350.00	2.67E-19	1.00
355.00	3.12E-19	1.00
360.00	3.50E-19	1.00
365.00	3.79E-19	1.00
370.00	3.96E-19	1.00
375.00	4.00E-19	1.00
380.00	3.93E-19	1.00
385.00	3.75E-19	1.00
390.00	3.49E-19	1.00
395.00	3.18E-19	1.00
400.00	2.86E-19	1.00
405.00	2.54E-19	1.00
410.00	2.25E-19	1.00
415.00	2.00E-19	1.00
420.00	1.78E-19	1.00
425.00	1.60E-19	1.00
430.00	1.46E-19	1.00
435.00	1.35E-19	1.00
440.00	1.26E-19	1.00
445.00	1.17E-19	1.00
450.00	1.10E-19	1.00
455.00	1.03E-19	1.00
460.00	9.52E-20	1.00
465.00	8.78E-20	1.00
470.00	8.02E-20	1.00
475.00	7.24E-20	1.00
480.00	6.47E-20	1.00
485.00	5.72E-20	1.00
490.00	4.99E-20	1.00
495.00	4.31E-20	1.00
500.00	3.68E-20	1.00
505.00	3.10E-20	1.00
510.00	2.59E-20	1.00
515.00	2.13E-20	1.00
520.00	1.74E-20	1.00
525.00	1.41E-20	1.00
530.00	1.13E-20	1.00
535.00	8.92E-21	1.00
540.00	7.00E-21	1.00
545.00	5.44E-21	1.00
550.00	4.19E-21	1.00
555.00	3.20E-21	1.00
560.00	2.43E-21	1.00
565.00	1.82E-21	1.00
570.00	1.36E-21	1.00
575.00	1.01E-21	1.00
580.00	7.39E-22	1.00
585.00	5.39E-22	1.00
590.00	3.90E-22	1.00
595.00	2.81E-22	1.00
600.00	2.00E-22	1.00
