BRNO3_M_JPL19
! BRNO3 + HV = BRO + NO2                
! JPL Publication 19-5; Evaluation Number 19; May 2020
! Page: 4-325; Table 4G-10-1
! Quantum yield is 0.15
! Note: Temperature correction of cross-sections are needed - see page 4-327
! Burkholder, J. B.; Ravishankara, A. R.; Solomon, S. UV/visible and IR absorption cross sections of BrONO2. J. Geophys. Res. 1995, 100, 16793-16800, doi:10.1029/95JD01223.
! https://jpldataeval.jpl.nasa.gov/pdf/NASA-JPL%20Evaluation%2019-5.pdf
! Assume these are point values (not specified in data source)
POINT
! With FAC, units are (cm^2/molecule)
FAC=1.0
200	6.80E-18	0.15
202	6.16E-18	0.15
204	5.52E-18	0.15
206	4.88E-18	0.15
208	4.25E-18	0.15
210	3.61E-18	0.15
212	3.34E-18	0.15
214	3.07E-18	0.15
216	2.86E-18	0.15
218	2.72E-18	0.15
220	2.58E-18	0.15
222	2.47E-18	0.15
224	2.36E-18	0.15
226	2.26E-18	0.15
228	2.15E-18	0.15
230	2.05E-18	0.15
232	1.93E-18	0.15
234	1.80E-18	0.15
236	1.67E-18	0.15
238	1.53E-18	0.15
240	1.39E-18	0.15
242	1.26E-18	0.15
244	1.13E-18	0.15
246	1.01E-18	0.15
248	9.00E-19	0.15
250	7.95E-19	0.15
252	7.17E-19	0.15
254	6.40E-19	0.15
256	5.75E-19	0.15
258	5.23E-19	0.15
260	4.71E-19	0.15
262	4.38E-19	0.15
264	4.05E-19	0.15
266	3.79E-19	0.15
268	3.58E-19	0.15
270	3.38E-19	0.15
272	3.25E-19	0.15
274	3.12E-19	0.15
276	3.00E-19	0.15
278	2.89E-19	0.15
280	2.79E-19	0.15
282	2.70E-19	0.15
284	2.61E-19	0.15
286	2.51E-19	0.15
288	2.42E-19	0.15
290	2.32E-19	0.15
292	2.22E-19	0.15
294	2.12E-19	0.15
296	2.02E-19	0.15
298	1.93E-19	0.15
300	1.84E-19	0.15
302	1.75E-19	0.15
304	1.66E-19	0.15
306	1.58E-19	0.15
308	1.50E-19	0.15
310	1.42E-19	0.15
312	1.35E-19	0.15
314	1.28E-19	0.15
316	1.21E-19	0.15
318	1.16E-19	0.15
320	1.10E-19	0.15
322	1.05E-19	0.15
324	1.01E-19	0.15
326	9.64E-20	0.15
328	9.29E-20	0.15
330	8.94E-20	0.15
332	8.65E-20	0.15
334	8.36E-20	0.15
336	8.10E-20	0.15
338	7.87E-20	0.15
340	7.64E-20	0.15
342	7.45E-20	0.15
344	7.26E-20	0.15
346	7.07E-20	0.15
348	6.86E-20	0.15
350	6.66E-20	0.15
352	6.48E-20	0.15
354	6.30E-20	0.15
356	6.11E-20	0.15
358	5.90E-20	0.15
360	5.69E-20	0.15
362	5.48E-20	0.15
364	5.27E-20	0.15
366	5.07E-20	0.15
368	4.86E-20	0.15
370	4.66E-20	0.15
372	4.46E-20	0.15
374	4.26E-20	0.15
376	4.07E-20	0.15
378	3.88E-20	0.15
380	3.69E-20	0.15
382	3.51E-20	0.15
384	3.32E-20	0.15
386	3.16E-20	0.15
388	3.02E-20	0.15
390	2.88E-20	0.15
392	2.74E-20	0.15
394	2.60E-20	0.15
396	2.47E-20	0.15
398	2.36E-20	0.15
400	2.25E-20	0.15
402	2.15E-20	0.15
404	2.04E-20	0.15
406	1.95E-20	0.15
408	1.88E-20	0.15
410	1.81E-20	0.15
412	1.75E-20	0.15
414	1.69E-20	0.15
416	1.63E-20	0.15
418	1.56E-20	0.15
420	1.50E-20	0.15
422	1.45E-20	0.15
424	1.40E-20	0.15
426	1.36E-20	0.15
428	1.33E-20	0.15
430	1.30E-20	0.15
432	1.26E-20	0.15
434	1.22E-20	0.15
436	1.18E-20	0.15
438	1.15E-20	0.15
440	1.11E-20	0.15
442	1.08E-20	0.15
444	1.05E-20	0.15
446	1.02E-20	0.15
448	9.74E-21	0.15
450	9.30E-21	0.15
452	8.92E-21	0.15
454	8.53E-21	0.15
456	8.16E-21	0.15
458	7.79E-21	0.15
460	7.43E-21	0.15
462	7.07E-21	0.15
464	6.70E-21	0.15
466	6.35E-21	0.15
468	6.00E-21	0.15
470	5.66E-21	0.15
472	5.24E-21	0.15
474	4.82E-21	0.15
476	4.47E-21	0.15
478	4.18E-21	0.15
480	3.90E-21	0.15
482	3.44E-21	0.15
484	2.98E-21	0.15
486	2.69E-21	0.15
488	2.56E-21	0.15
490	2.43E-21	0.15
492	2.31E-21	0.15
494	2.20E-21	0.15
496	1.98E-21	0.15
498	1.67E-21	0.15
500	1.35E-21	0.15
