BRNO3_R_JPL19
! BRNO3 + HV = BR + NO3                
! JPL Publication 19-5; Evaluation Number 19; May 2020
! Page: 4-325; Table 4G-10-1
! Quantum yield is 0.85
! Burkholder, J. B.; Ravishankara, A. R.; Solomon, S. UV/visible and IR absorption cross sections of BrONO2. J. Geophys. Res. 1995, 100, 16793-16800, doi:10.1029/95JD01223.
! https://jpldataeval.jpl.nasa.gov/pdf/NASA-JPL%20Evaluation%2019-5.pdf
! Assume these are point values (not specified in data source)
POINT
! With FAC, units are (cm^2/molecule)
FAC=1.0
200	6.80E-18	0.85
202	6.16E-18	0.85
204	5.52E-18	0.85
206	4.88E-18	0.85
208	4.25E-18	0.85
210	3.61E-18	0.85
212	3.34E-18	0.85
214	3.07E-18	0.85
216	2.86E-18	0.85
218	2.72E-18	0.85
220	2.58E-18	0.85
222	2.47E-18	0.85
224	2.36E-18	0.85
226	2.26E-18	0.85
228	2.15E-18	0.85
230	2.05E-18	0.85
232	1.93E-18	0.85
234	1.80E-18	0.85
236	1.67E-18	0.85
238	1.53E-18	0.85
240	1.39E-18	0.85
242	1.26E-18	0.85
244	1.13E-18	0.85
246	1.01E-18	0.85
248	9.00E-19	0.85
250	7.95E-19	0.85
252	7.17E-19	0.85
254	6.40E-19	0.85
256	5.75E-19	0.85
258	5.23E-19	0.85
260	4.71E-19	0.85
262	4.38E-19	0.85
264	4.05E-19	0.85
266	3.79E-19	0.85
268	3.58E-19	0.85
270	3.38E-19	0.85
272	3.25E-19	0.85
274	3.12E-19	0.85
276	3.00E-19	0.85
278	2.89E-19	0.85
280	2.79E-19	0.85
282	2.70E-19	0.85
284	2.61E-19	0.85
286	2.51E-19	0.85
288	2.42E-19	0.85
290	2.32E-19	0.85
292	2.22E-19	0.85
294	2.12E-19	0.85
296	2.02E-19	0.85
298	1.93E-19	0.85
300	1.84E-19	0.85
302	1.75E-19	0.85
304	1.66E-19	0.85
306	1.58E-19	0.85
308	1.50E-19	0.85
310	1.42E-19	0.85
312	1.35E-19	0.85
314	1.28E-19	0.85
316	1.21E-19	0.85
318	1.16E-19	0.85
320	1.10E-19	0.85
322	1.05E-19	0.85
324	1.01E-19	0.85
326	9.64E-20	0.85
328	9.29E-20	0.85
330	8.94E-20	0.85
332	8.65E-20	0.85
334	8.36E-20	0.85
336	8.10E-20	0.85
338	7.87E-20	0.85
340	7.64E-20	0.85
342	7.45E-20	0.85
344	7.26E-20	0.85
346	7.07E-20	0.85
348	6.86E-20	0.85
350	6.66E-20	0.85
352	6.48E-20	0.85
354	6.30E-20	0.85
356	6.11E-20	0.85
358	5.90E-20	0.85
360	5.69E-20	0.85
362	5.48E-20	0.85
364	5.27E-20	0.85
366	5.07E-20	0.85
368	4.86E-20	0.85
370	4.66E-20	0.85
372	4.46E-20	0.85
374	4.26E-20	0.85
376	4.07E-20	0.85
378	3.88E-20	0.85
380	3.69E-20	0.85
382	3.51E-20	0.85
384	3.32E-20	0.85
386	3.16E-20	0.85
388	3.02E-20	0.85
390	2.88E-20	0.85
392	2.74E-20	0.85
394	2.60E-20	0.85
396	2.47E-20	0.85
398	2.36E-20	0.85
400	2.25E-20	0.85
402	2.15E-20	0.85
404	2.04E-20	0.85
406	1.95E-20	0.85
408	1.88E-20	0.85
410	1.81E-20	0.85
412	1.75E-20	0.85
414	1.69E-20	0.85
416	1.63E-20	0.85
418	1.56E-20	0.85
420	1.50E-20	0.85
422	1.45E-20	0.85
424	1.40E-20	0.85
426	1.36E-20	0.85
428	1.33E-20	0.85
430	1.30E-20	0.85
432	1.26E-20	0.85
434	1.22E-20	0.85
436	1.18E-20	0.85
438	1.15E-20	0.85
440	1.11E-20	0.85
442	1.08E-20	0.85
444	1.05E-20	0.85
446	1.02E-20	0.85
448	9.74E-21	0.85
450	9.30E-21	0.85
452	8.92E-21	0.85
454	8.53E-21	0.85
456	8.16E-21	0.85
458	7.79E-21	0.85
460	7.43E-21	0.85
462	7.07E-21	0.85
464	6.70E-21	0.85
466	6.35E-21	0.85
468	6.00E-21	0.85
470	5.66E-21	0.85
472	5.24E-21	0.85
474	4.82E-21	0.85
476	4.47E-21	0.85
478	4.18E-21	0.85
480	3.90E-21	0.85
482	3.44E-21	0.85
484	2.98E-21	0.85
486	2.69E-21	0.85
488	2.56E-21	0.85
490	2.43E-21	0.85
492	2.31E-21	0.85
494	2.20E-21	0.85
496	1.98E-21	0.85
498	1.67E-21	0.85
500	1.35E-21	0.85