BRO_JPL19
! BRO + HV = BR + O3P 
! JPL Publication 19-5;  Evaluation Number 19; May 2020
! Page: 4-315; Table 4G-3-3
! Quantum yield is taken as 1.0
! Wilmouth, D. M.; Hanisco, T. F.; Donahue, N. M.; Anderson, J. G. Fourier transform ultraviolet spectroscopy of the A 2Π3/2 ← X 2Π3/2 trasnsition of BrO. J. Phys. Chem. A 1999, 103, 8935-8945, doi:10.1021/jp991651o.
! https://jpldataeval.jpl.nasa.gov/pdf/NASA-JPL%20Evaluation%2019-5.pdf
! Assume these are point values (not specified in data source)
POINT
! With FAC, units are (cm^2/molecule)
FAC=1.0
286.5	1.05E-18	1.00
287.0	1.07E-18	1.00
287.5	1.29E-18	1.00
288.0	9.50E-19	1.00
288.5	1.48E-18	1.00
289.0	1.10E-18	1.00
289.5	1.26E-18	1.00
290.0	1.84E-18	1.00
290.5	1.33E-18	1.00
291.0	1.34E-18	1.00
291.5	1.89E-18	1.00
292.0	1.57E-18	1.00
292.5	1.28E-18	1.00
293.0	2.48E-18	1.00
293.5	1.93E-18	1.00
294.0	1.40E-18	1.00
294.5	1.62E-18	1.00
295.0	2.94E-18	1.00
295.5	2.16E-18	1.00
296.0	1.64E-18	1.00
296.5	1.53E-18	1.00
297.0	3.61E-18	1.00
297.5	2.77E-18	1.00
298.0	1.94E-18	1.00
298.5	1.56E-18	1.00
299.0	2.84E-18	1.00
299.5	4.21E-18	1.00
300.0	2.75E-18	1.00
300.5	1.94E-18	1.00
301.0	1.80E-18	1.00
301.5	3.51E-18	1.00
302.0	5.02E-18	1.00
302.5	3.18E-18	1.00
303.0	2.17E-18	1.00
303.5	1.96E-18	1.00
304.0	2.74E-18	1.00
304.5	6.10E-18	1.00
305.0	4.66E-18	1.00
305.5	2.98E-18	1.00
306.0	2.21E-18	1.00
306.5	2.10E-18	1.00
307.0	4.07E-18	1.00
307.5	7.03E-18	1.00
308.0	5.18E-18	1.00
308.5	3.44E-18	1.00
309.0	2.28E-18	1.00
309.5	1.94E-18	1.00
310.0	3.96E-18	1.00
310.5	7.99E-18	1.00
311.0	6.59E-18	1.00
311.5	4.53E-18	1.00
312.0	2.95E-18	1.00
312.5	2.04E-18	1.00
313.0	1.97E-18	1.00
313.5	7.24E-18	1.00
314.0	9.01E-18	1.00
314.5	6.51E-18	1.00
315.0	4.43E-18	1.00
315.5	3.11E-18	1.00
316.0	2.32E-18	1.00
316.5	1.74E-18	1.00
317.0	7.21E-18	1.00
317.5	1.14E-17	1.00
318.0	7.31E-18	1.00
318.5	4.82E-18	1.00
319.0	3.45E-18	1.00
319.5	2.75E-18	1.00
320.0	2.51E-18	1.00
320.5	2.94E-18	1.00
321.0	1.14E-17	1.00
321.5	1.16E-17	1.00
322.0	6.77E-18	1.00
322.5	4.20E-18	1.00
323.0	3.01E-18	1.00
323.5	2.62E-18	1.00
324.0	2.88E-18	1.00
324.5	4.34E-18	1.00
325.0	9.83E-18	1.00
325.5	1.28E-17	1.00
326.0	8.38E-18	1.00
326.5	4.95E-18	1.00
327.0	3.12E-18	1.00
327.5	2.31E-18	1.00
328.0	2.24E-18	1.00
328.5	3.43E-18	1.00
329.0	7.89E-18	1.00
329.5	1.26E-17	1.00
330.0	1.06E-17	1.00
330.5	7.06E-18	1.00
331.0	4.53E-18	1.00
331.5	2.96E-18	1.00
332.0	2.03E-18	1.00
332.5	1.65E-18	1.00
333.0	2.60E-18	1.00
333.5	9.53E-18	1.00
334.0	1.29E-17	1.00
334.5	9.63E-18	1.00
335.0	6.52E-18	1.00
335.5	4.58E-18	1.00
336.0	3.39E-18	1.00
336.5	2.59E-18	1.00
337.0	2.22E-18	1.00
337.5	2.02E-18	1.00
338.0	2.02E-18	1.00
338.5	1.29E-17	1.00
339.0	1.30E-17	1.00
339.5	7.34E-18	1.00
340.0	4.45E-18	1.00
340.5	3.03E-18	1.00
341.0	2.43E-18	1.00
341.5	2.18E-18	1.00
342.0	2.35E-18	1.00
342.5	2.92E-18	1.00
343.0	4.24E-18	1.00
343.5	7.12E-18	1.00
344.0	9.68E-18	1.00
344.5	8.14E-18	1.00
345.0	5.42E-18	1.00
345.5	3.45E-18	1.00
346.0	2.26E-18	1.00
346.5	1.60E-18	1.00
347.0	1.46E-18	1.00
347.5	1.62E-18	1.00
348.0	2.58E-18	1.00
348.5	5.30E-18	1.00
349.0	7.48E-18	1.00
349.5	6.67E-18	1.00
350.0	4.99E-18	1.00
350.5	3.63E-18	1.00
351.0	2.72E-18	1.00
351.5	2.15E-18	1.00
352.0	1.82E-18	1.00
352.5	1.66E-18	1.00
353.0	1.63E-18	1.00
353.5	1.63E-18	1.00
354.0	1.80E-18	1.00
354.5	3.09E-18	1.00
355.0	7.89E-18	1.00
355.5	4.99E-18	1.00
356.0	2.76E-18	1.00
356.5	1.66E-18	1.00
357.0	1.20E-18	1.00
357.5	1.11E-18	1.00
358.0	1.15E-18	1.00
358.5	1.24E-18	1.00
359.0	1.44E-18	1.00
359.5	1.83E-18	1.00
360.0	2.36E-18	1.00
360.5	2.72E-18	1.00
361.0	2.64E-18	1.00
361.5	2.27E-18	1.00
362.0	1.83E-18	1.00
362.5	1.45E-18	1.00
363.0	1.20E-18	1.00
363.5	1.04E-18	1.00
364.0	1.13E-18	1.00
364.5	1.22E-18	1.00
365.0	9.92E-19	1.00
365.5	8.72E-19	1.00
366.0	8.62E-19	1.00
366.5	9.13E-19	1.00
367.0	1.05E-18	1.00
367.5	1.23E-18	1.00
368.0	1.31E-18	1.00
368.5	1.20E-18	1.00
369.0	1.01E-18	1.00
369.5	8.61E-19	1.00
370.0	7.48E-19	1.00
370.5	6.45E-19	1.00
371.0	5.39E-19	1.00
371.5	4.65E-19	1.00
372.0	3.94E-19	1.00
372.5	3.51E-19	1.00
373.0	3.41E-19	1.00
373.5	3.57E-19	1.00
374.0	4.81E-19	1.00
374.5	7.50E-19	1.00
375.0	7.05E-19	1.00
375.5	5.15E-19	1.00
376.0	3.54E-19	1.00
376.5	3.05E-19	1.00
377.0	2.75E-19	1.00
377.5	2.57E-19	1.00
378.0	2.56E-19	1.00
378.5	2.18E-19	1.00
379.0	1.86E-19	1.00
379.5	1.50E-19	1.00
380.0	1.23E-19	1.00
380.5	1.30E-19	1.00
381.0	1.96E-19	1.00
381.5	2.09E-19	1.00
382.0	1.68E-19	1.00
382.5	9.05E-20	1.00
383.0	3.06E-20	1.00
383.5	4.92E-20	1.00
384.0	3.89E-20	1.00
384.5	6.70E-20	1.00
385.0	1.09E-19	1.00
