CHBR3_JPL19             
! CHBR3 + HV = 3.0*BR + HO2  
! JPL Publication 19-5; Evaluation Number 19; May 2020
! Page: 4-335; Table 4G-15
! Quantum yield is taken as 1.0
! Note: 170–258 nm: Gillotay et al. and 260–350 nm: Papanastasiou et al. 
! Gillotay, D.; Jenouvrier, A.; Coquart, B.; Mérienne, M. F.; Simon, P. C. Ultraviolet absorption crosssections of bromoform in the temperature range 295-240K. Planet. Space Sci. 1989, 37, 1127-1140, doi:10.1016/0032-0633(89)90084-6.
! https://jpldataeval.jpl.nasa.gov/pdf/NASA-JPL%20Evaluation%2019-5.pdf
! Assume these are point values (not specified in data source)
POINT
! With FAC, units are (cm^2/molecule)
FAC=1.0
170	1.60E-17	1.00
172	1.17E-17	1.00
174	9.70E-18	1.00
176	8.72E-18	1.00
178	8.58E-18	1.00
180	8.31E-18	1.00
182	7.70E-18	1.00
184	6.83E-18	1.00
186	5.70E-18	1.00
188	4.71E-18	1.00
190	3.99E-18	1.00
192	3.60E-18	1.00
194	3.51E-18	1.00
196	3.66E-18	1.00
198	3.94E-18	1.00
200	4.16E-18	1.00
202	4.34E-18	1.00
204	4.41E-18	1.00
206	4.45E-18	1.00
208	4.51E-18	1.00
210	4.69E-18	1.00
212	4.93E-18	1.00
214	5.24E-18	1.00
216	5.54E-18	1.00
218	5.74E-18	1.00
220	5.83E-18	1.00
222	5.78E-18	1.00
224	5.58E-18	1.00
226	5.27E-18	1.00
228	4.87E-18	1.00
230	4.41E-18	1.00
232	3.97E-18	1.00
234	3.62E-18	1.00
236	3.24E-18	1.00
238	2.95E-18	1.00
240	2.73E-18	1.00
242	2.53E-18	1.00
244	2.34E-18	1.00
246	2.14E-18	1.00
248	1.94E-18	1.00
250	1.74E-18	1.00
252	1.58E-18	1.00
254	1.36E-18	1.00
256	1.16E-18	1.00
258	9.86E-19	1.00
260	8.29E-19	1.00
262	6.97E-19	1.00
264	5.81E-19	1.00
266	4.80E-19	1.00
268	3.94E-19	1.00
270	3.20E-19	1.00
272	2.59E-19	1.00
274	2.07E-19	1.00
276	1.65E-19	1.00
278	1.31E-19	1.00
280	1.03E-19	1.00
282	8.04E-20	1.00
284	6.25E-20	1.00
286	4.83E-20	1.00
288	3.72E-20	1.00
290	2.85E-20	1.00
292	2.17E-20	1.00
294	1.64E-20	1.00
296	1.24E-20	1.00
298	9.36E-21	1.00
300	7.03E-21	1.00
302	5.26E-21	1.00
304	3.92E-21	1.00
306	2.92E-21	1.00
308	2.16E-21	1.00
310	1.60E-21	1.00
312	1.18E-21	1.00
314	8.74E-22	1.00
316	6.44E-22	1.00
318	4.75E-22	1.00
320	3.49E-22	1.00
322	2.57E-22	1.00
324	1.89E-22	1.00
326	1.39E-22	1.00
328	1.02E-22	1.00
330	7.54E-23	1.00
332	5.56E-23	1.00
334	4.11E-23	1.00
336	3.04E-23	1.00
338	2.25E-23	1.00
340	1.67E-23	1.00
342	1.24E-23	1.00
344	9.28E-24	1.00
346	6.94E-24	1.00
348	5.21E-24	1.00
350	3.93E-24	1.00
