CLNO_JPL19
! CLNO + hν  =  CL + NO
! JPL Publication 19-5;  Evaluation Number 19; May 2020
! Page: 4-233-to 4-233; Table 4F-15 for absorption cross-section
! Quantum yield is taken as 1.0
! Note: 190–350 nm from Tyndall et al. and 355–500 nm from Roehl et al.
! Tyndall, G. S.; Stedman, K. M.; Schneider, W.; Burrows, J. P.; Moortgat, G. K. The absorption spectrum of ClNO between 190 and 350 nm. J. Photochem. 1987, 36, 133-139, doi:10.1016/0047- 2670(87)87070-3.
! Chemical Kinetics and Photochemical Data for Use in Atmospheric Studies
! https://jpldataeval.jpl.nasa.gov/pdf/NASA-JPL%20Evaluation%2019-5.pdf
! Assume these are point values (not specified in data source)
POINT
! With FAC, units are (cm^2/molecule)
FAC=1.0
190	4.32E-17	1.0
192	5.34E-17	1.0
194	6.15E-17	1.0
196	6.48E-17	1.0
198	6.31E-17	1.0
200	5.86E-17	1.0
202	5.25E-17	1.0
204	4.54E-17	1.0
206	3.84E-17	1.0
208	3.21E-17	1.0
210	2.69E-17	1.0
212	2.18E-17	1.0
214	1.76E-17	1.0
216	1.40E-17	1.0
218	1.11E-17	1.0
220	8.96E-18	1.0
222	7.07E-18	1.0
224	5.52E-18	1.0
226	4.36E-18	1.0
228	3.39E-18	1.0
230	2.66E-18	1.0
232	2.12E-18	1.0
234	1.64E-18	1.0
236	1.28E-18	1.0
238	1.01E-18	1.0
240	8.26E-19	1.0
242	6.72E-19	1.0
244	5.51E-19	1.0
246	4.52E-19	1.0
248	3.77E-19	1.0
250	3.17E-19	1.0
252	2.74E-19	1.0
254	2.37E-19	1.0
256	2.13E-19	1.0
258	1.90E-19	1.0
260	1.75E-19	1.0
262	1.65E-19	1.0
264	1.53E-19	1.0
266	1.44E-19	1.0
268	1.36E-19	1.0
270	1.29E-19	1.0
272	1.23E-19	1.0
274	1.18E-19	1.0
276	1.13E-19	1.0
278	1.07E-19	1.0
280	1.06E-19	1.0
282	1.02E-19	1.0
284	9.99E-20	1.0
286	9.84E-20	1.0
288	9.71E-20	1.0
290	9.64E-20	1.0
292	9.63E-20	1.0
294	9.69E-20	1.0
296	9.71E-20	1.0
298	9.69E-20	1.0
300	1.00E-19	1.0
302	1.03E-19	1.0
304	1.05E-19	1.0
306	1.08E-19	1.0
308	1.11E-19	1.0
310	1.15E-19	1.0
312	1.19E-19	1.0
314	1.22E-19	1.0
316	1.25E-19	1.0
318	1.30E-19	1.0
320	1.34E-19	1.0
322	1.36E-19	1.0
324	1.40E-19	1.0
326	1.43E-19	1.0
328	1.46E-19	1.0
330	1.47E-19	1.0
332	1.49E-19	1.0
334	1.51E-19	1.0
336	1.53E-19	1.0
338	1.53E-19	1.0
340	1.52E-19	1.0
342	1.53E-19	1.0
344	1.51E-19	1.0
346	1.51E-19	1.0
348	1.49E-19	1.0
350	1.42E-19	1.0
355	1.36E-19	1.0
360	1.29E-19	1.0
365	1.20E-19	1.0
370	1.10E-19	1.0
375	9.95E-20	1.0
380	8.86E-20	1.0
385	7.82E-20	1.0
390	6.88E-20	1.0
395	5.97E-20	1.0
400	5.13E-20	1.0
405	4.40E-20	1.0
410	3.83E-20	1.0
415	3.38E-20	1.0
420	2.89E-20	1.0
425	2.45E-20	1.0
430	2.21E-20	1.0
435	2.20E-20	1.0
440	2.20E-20	1.0
445	2.07E-20	1.0
450	1.87E-20	1.0
455	1.79E-20	1.0
460	1.95E-20	1.0
465	2.25E-20	1.0
470	2.50E-20	1.0
475	2.61E-20	1.0
480	2.53E-20	1.0
485	2.33E-20	1.0
490	2.07E-20	1.0
495	1.78E-20	1.0
500	1.50E-20	1.0