CLNO3_M_JPL19
! CLNO3 + hν  =  CLO + NO2
! JPL Publication 19-5;  Evaluation Number 19; May 2020
! Page: 4-236 to 4-238; Table 4F-18
! Quantum yield is calculated following the Table 4F18 note
! Burkholder, J. B.; Talukdar, R. K.; Ravishankara, A. R. Temperature dependence of the ClONO2 UV absorption spectrum. Geophys. Res. Lett. 1994, 21, 585-588, doi:10.1029/93GL03303
! Chemical Kinetics and Photochemical Data for Use in Atmospheric Studies
! https://jpldataeval.jpl.nasa.gov/pdf/NASA-JPL%20Evaluation%2019-5.pdf
! CLONO2 data is used
! Assume these are point values (not specified in data source)
POINT
! With FAC, units are (cm^2/molecule)
FAC=1.0
196	3.10E-18	0.40
198	2.94E-18	0.40
200	2.82E-18	0.40
202	2.77E-18	0.40
204	2.80E-18	0.40
206	2.88E-18	0.40
208	3.00E-18	0.40
210	3.14E-18	0.40
212	3.29E-18	0.40
214	3.39E-18	0.40
216	3.45E-18	0.40
218	3.41E-18	0.40
220	3.32E-18	0.40
222	3.14E-18	0.40
224	2.91E-18	0.40
226	2.64E-18	0.40
228	2.35E-18	0.40
230	2.08E-18	0.40
232	1.82E-18	0.40
234	1.58E-18	0.40
236	1.38E-18	0.40
238	1.20E-18	0.40
240	1.05E-18	0.40
242	9.19E-19	0.40
244	8.12E-19	0.40
246	7.16E-19	0.40
248	6.24E-19	0.40
250	5.60E-19	0.40
252	5.02E-19	0.40
254	4.53E-19	0.40
256	4.10E-19	0.40
258	3.72E-19	0.40
260	3.38E-19	0.40
262	3.06E-19	0.40
264	2.78E-19	0.40
266	2.52E-19	0.40
268	2.27E-19	0.40
270	2.05E-19	0.40
272	1.85E-19	0.40
274	1.66E-19	0.40
276	1.49E-19	0.40
278	1.33E-19	0.40
280	1.19E-19	0.40
282	1.05E-19	0.40
284	9.35E-20	0.40
286	8.26E-20	0.40
288	7.24E-20	0.40
290	6.41E-20	0.40
292	5.50E-20	0.40
294	4.67E-20	0.40
296	4.09E-20	0.40
298	3.57E-20	0.40
300	3.13E-20	0.40
302	2.74E-20	0.40
304	2.39E-20	0.40
306	2.09E-20	0.40
308	1.83E-20	0.40
310	1.60E-20	0.39
312	1.40E-20	0.37
314	1.22E-20	0.36
316	1.07E-20	0.34
318	9.47E-21	0.33
320	8.31E-21	0.31
322	7.31E-21	0.30
324	6.47E-21	0.29
326	5.78E-21	0.27
328	5.18E-21	0.26
330	4.66E-21	0.24
332	4.20E-21	0.23
334	3.82E-21	0.21
336	3.51E-21	0.20
338	3.26E-21	0.19
340	3.02E-21	0.17
342	2.82E-21	0.16
344	2.64E-21	0.14
346	2.52E-21	0.13
348	2.43E-21	0.11
350	2.29E-21	0.10
352	2.18E-21	0.09
354	2.12E-21	0.07
356	2.05E-21	0.06
358	2.03E-21	0.04
360	2.00E-21	0.03
362	1.90E-21	0.01
364	1.84E-21	0.00
366	1.75E-21	0.00
368	1.66E-21	0.00
370	1.59E-21	0.00
372	1.51E-21	0.00
374	1.44E-21	0.00
376	1.38E-21	0.00
378	1.29E-21	0.00
380	1.21E-21	0.00
382	1.15E-21	0.00
384	1.08E-21	0.00
386	1.03E-21	0.00
388	9.70E-22	0.00
390	9.09E-22	0.00
392	8.49E-22	0.00
394	7.80E-22	0.00
396	7.40E-22	0.00
398	7.10E-22	0.00
400	6.38E-22	0.00
402	5.99E-22	0.00
404	5.68E-22	0.00
406	5.13E-22	0.00
408	4.81E-22	0.00
410	4.44E-22	0.00
412	4.13E-22	0.00
414	3.73E-22	0.00
416	3.56E-22	0.00
418	3.17E-22	0.00
420	3.16E-22	0.00
422	2.75E-22	0.00
424	2.42E-22	0.00
426	2.22E-22	0.00
428	2.07E-22	0.00
430	1.89E-22	0.00
432	1.88E-22	0.00