HOBR_JPL19
! HOBR + HV = BR + HO                
! JPL Publication 19-5; Evaluation Number 19; May 2020
! Page: 4-322; Table 4G-6
! Quantum yield is taken as 1.0
! Ingham, T.; Bauer, D.; Landgraf, J.; Crowley, J. N. Ultraviolet-visible absorption cross sections of gaseous HOBr. J. Phys. Chem. A 1998, 102, 3293-3298, doi:10.1021/jp980272c
! https://jpldataeval.jpl.nasa.gov/pdf/NASA-JPL%20Evaluation%2019-5.pdf
! Assume these are point values (not specified in data source)
POINT
! With FAC, units are (cm^2/molecule)
FAC=1.0
250	4.15E-20	1.00
255	6.19E-20	1.00
260	1.05E-19	1.00
265	1.46E-19	1.00
270	1.87E-19	1.00
275	2.21E-19	1.00
280	2.43E-19	1.00
285	2.50E-19	1.00
290	2.40E-19	1.00
295	2.19E-19	1.00
300	1.91E-19	1.00
305	1.62E-19	1.00
310	1.36E-19	1.00
315	1.18E-19	1.00
320	1.08E-19	1.00
325	1.05E-19	1.00
330	1.08E-19	1.00
335	1.13E-19	1.00
340	1.19E-19	1.00
345	1.23E-19	1.00
350	1.24E-19	1.00
355	1.21E-19	1.00
360	1.15E-19	1.00
365	1.05E-19	1.00
370	9.32E-20	1.00
375	7.99E-20	1.00
380	6.65E-20	1.00
385	5.38E-20	1.00
390	4.22E-20	1.00
395	3.23E-20	1.00
400	2.43E-20	1.00
405	1.80E-20	1.00
410	1.36E-20	1.00
415	1.08E-20	1.00
420	9.67E-21	1.00
425	9.98E-21	1.00
430	1.15E-20	1.00
435	1.40E-20	1.00
440	1.68E-20	1.00
445	1.96E-20	1.00
450	2.18E-20	1.00
455	2.29E-20	1.00
460	2.28E-20	1.00
465	2.14E-20	1.00
470	1.91E-20	1.00
475	1.62E-20	1.00
480	1.30E-20	1.00
485	9.93E-21	1.00
490	7.23E-21	1.00
495	5.02E-21	1.00
500	3.33E-21	1.00
505	2.12E-21	1.00
510	1.29E-21	1.00
515	7.60E-22	1.00
520	4.20E-22	1.00
525	2.30E-22	1.00
530	1.20E-22	1.00
535	5.90E-23	1.00
540	2.90E-23	1.00
545	1.30E-23	1.00
550	6.00E-24	1.00
