HOCL_JPL19
! HOCL + hν =  CL + HO
! JPL Publication 19-5;  Evaluation Number 19; May 2020
! Page: 4-230-to 4-232; Table 4F-14 for absorption cross-section
! Quantum yield is taken as 1.0
! Barnes, R. J.; Sinha, A.; Michelsen, H. A. Assessing the contribution of the lowest triplet state to the near-UV absorption spectrum of HOCl. J. Phys. Chem. A 1998, 102, 8855-8859, doi:10.1021/jp9835869
! Chemical Kinetics and Photochemical Data for Use in Atmospheric Studies
! https://jpldataeval.jpl.nasa.gov/pdf/NASA-JPL%20Evaluation%2019-5.pdf
! Assume these are point values (not specified in data source)
POINT
! With FAC, units are (cm^2/molecule)
FAC=1.0
200	7.18E-20	1.0
202	6.39E-20	1.0
204	5.81E-20	1.0
206	5.46E-20	1.0
208	5.37E-20	1.0
210	5.54E-20	1.0
212	5.98E-20	1.0
214	6.68E-20	1.0
216	7.63E-20	1.0
218	8.81E-20	1.0
220	1.02E-19	1.0
222	1.16E-19	1.0
224	1.32E-19	1.0
226	1.47E-19	1.0
228	1.62E-19	1.0
230	1.75E-19	1.0
232	1.87E-19	1.0
234	1.96E-19	1.0
236	2.02E-19	1.0
238	2.05E-19	1.0
240	2.06E-19	1.0
242	2.03E-19	1.0
244	1.98E-19	1.0
246	1.90E-19	1.0
248	1.81E-19	1.0
250	1.70E-19	1.0
252	1.58E-19	1.0
254	1.46E-19	1.0
256	1.33E-19	1.0
258	1.21E-19	1.0
260	1.09E-19	1.0
262	9.73E-20	1.0
264	8.68E-20	1.0
266	7.75E-20	1.0
268	6.94E-20	1.0
270	6.25E-20	1.0
272	5.69E-20	1.0
274	5.26E-20	1.0
276	4.94E-20	1.0
278	4.74E-20	1.0
280	4.64E-20	1.0
282	4.62E-20	1.0
284	4.68E-20	1.0
286	4.79E-20	1.0
288	4.95E-20	1.0
290	5.13E-20	1.0
292	5.33E-20	1.0
294	5.52E-20	1.0
296	5.71E-20	1.0
298	5.86E-20	1.0
300	5.99E-20	1.0
302	6.08E-20	1.0
304	6.12E-20	1.0
306	6.12E-20	1.0
308	6.07E-20	1.0
310	5.97E-20	1.0
312	5.84E-20	1.0
314	5.66E-20	1.0
316	5.45E-20	1.0
318	5.21E-20	1.0
320	4.95E-20	1.0
322	4.67E-20	1.0
324	4.38E-20	1.0
326	4.09E-20	1.0
328	3.79E-20	1.0
330	3.50E-20	1.0
332	3.21E-20	1.0
334	2.94E-20	1.0
336	2.68E-20	1.0
338	2.44E-20	1.0
340	2.22E-20	1.0
342	2.02E-20	1.0
344	1.84E-20	1.0
346	1.69E-20	1.0
348	1.55E-20	1.0
350	1.43E-20	1.0
352	1.33E-20	1.0
354	1.24E-20	1.0
356	1.17E-20	1.0
358	1.11E-20	1.0
360	1.06E-20	1.0
362	1.02E-20	1.0
364	9.85E-21	1.0
366	9.51E-21	1.0
368	9.19E-21	1.0
370	8.88E-21	1.0
372	8.55E-21	1.0
374	8.22E-21	1.0
376	7.86E-21	1.0
378	7.48E-21	1.0
380	7.08E-21	1.0
382	6.67E-21	1.0
384	6.24E-21	1.0
386	5.80E-21	1.0
388	5.35E-21	1.0
390	4.91E-21	1.0
392	4.47E-21	1.0
394	4.05E-21	1.0
396	3.64E-21	1.0
398	3.25E-21	1.0
400	2.88E-21	1.0
402	2.54E-21	1.0
404	2.22E-21	1.0
406	1.94E-21	1.0
408	1.68E-21	1.0
410	1.44E-21	1.0
412	1.24E-21	1.0
414	1.05E-21	1.0
416	8.90E-22	1.0
418	7.50E-22	1.0
420	6.30E-22	1.0