HIO_JPL19
! HIO + HV = I + HO
! JPL Publication 19-5;  Evaluation Number 19; May 2020
! Page: 4-383; Table 4H-5
! Quantum yield is taken as 1.0
! Note: mean of the data from Bauer et al. and Rowley et al.
! Bauer, D.; Ingham, T.; Carl, S. A.; Moortgat, G. K.; Crowley, J. N. Ultraviolet-visible absorption cross sections of gaseous HOI and its photolysis at 355 nm. J. Phys. Chem. 1998, 102, 2857-2864, doi:10.1021/jp9804300
! Chemical Kinetics and Photochemical Data for Use in Atmospheric Studies
! https://jpldataeval.jpl.nasa.gov/pdf/NASA-JPL%20Evaluation%2019-5.pdf
! Assume these are point values (not specified in data source)
POINT
! With FAC, units are (cm^2/molecule)
FAC=1.0
280	7.70E-22	1.00
282	1.21E-21	1.00
284	1.86E-21	1.00
286	2.81E-21	1.00
288	4.17E-21	1.00
290	6.08E-21	1.00
292	8.67E-21	1.00
294	1.22E-20	1.00
296	1.68E-20	1.00
298	2.27E-20	1.00
300	3.02E-20	1.00
302	3.95E-20	1.00
304	5.09E-20	1.00
306	6.44E-20	1.00
308	8.03E-20	1.00
310	9.85E-20	1.00
312	1.19E-19	1.00
314	1.42E-19	1.00
316	1.66E-19	1.00
318	1.92E-19	1.00
320	2.19E-19	1.00
322	2.46E-19	1.00
324	2.73E-19	1.00
326	2.99E-19	1.00
328	3.22E-19	1.00
330	3.43E-19	1.00
332	3.61E-19	1.00
334	3.76E-19	1.00
336	3.85E-19	1.00
338	3.91E-19	1.00
340	3.92E-19	1.00
342	3.89E-19	1.00
344	3.82E-19	1.00
346	3.71E-19	1.00
348	3.56E-19	1.00
350	3.39E-19	1.00
352	3.20E-19	1.00
354	3.01E-19	1.00
356	2.80E-19	1.00
358	2.60E-19	1.00
360	2.41E-19	1.00
362	2.24E-19	1.00
364	2.08E-19	1.00
366	1.95E-19	1.00
368	1.85E-19	1.00
370	1.78E-19	1.00
372	1.74E-19	1.00
374	1.73E-19	1.00
376	1.75E-19	1.00
378	1.80E-19	1.00
380	1.88E-19	1.00
382	1.97E-19	1.00
384	2.08E-19	1.00
386	2.21E-19	1.00
388	2.34E-19	1.00
390	2.48E-19	1.00
392	2.61E-19	1.00
394	2.73E-19	1.00
396	2.84E-19	1.00
398	2.94E-19	1.00
400	3.01E-19	1.00
402	3.06E-19	1.00
404	3.09E-19	1.00
406	3.09E-19	1.00
408	3.07E-19	1.00
410	3.02E-19	1.00
412	2.95E-19	1.00
414	2.85E-19	1.00
416	2.74E-19	1.00
418	2.61E-19	1.00
420	2.47E-19	1.00
422	2.31E-19	1.00
424	2.15E-19	1.00
426	1.99E-19	1.00
428	1.82E-19	1.00
430	1.66E-19	1.00
432	1.50E-19	1.00
434	1.34E-19	1.00
436	1.19E-19	1.00
438	1.06E-19	1.00
440	9.30E-20	1.00
442	8.10E-20	1.00
444	7.03E-20	1.00
446	6.05E-20	1.00
448	5.17E-20	1.00
450	4.40E-20	1.00
452	3.72E-20	1.00
454	3.13E-20	1.00
456	2.61E-20	1.00
458	2.17E-20	1.00
460	1.79E-20	1.00
462	1.47E-20	1.00
464	1.20E-20	1.00
466	9.73E-21	1.00
468	7.85E-21	1.00
470	6.32E-21	1.00
472	5.05E-21	1.00
474	4.02E-21	1.00
476	3.18E-21	1.00
478	2.50E-21	1.00
480	1.96E-21	1.00
