I2_JPL19
! I2 + HV = 2*I
! JPL Publication 19-5;  Evaluation Number 19; May 2020
! Page: 4-373; Table 4H-1-2
! Quantum yield is taken as 1.0
! Saiz-Lopez, A.; Saunders, R. W.; Joseph, D. M.; Ashworth, S. H.; Plane, J. M. C. Absolute absorption cross-section and photolysis rate of I2. Atmos. Chem. Phys. 2004, 4, 1443-1450, doi:10.5194/acp-4-1443-2004.
! Chemical Kinetics and Photochemical Data for Use in Atmospheric Studies
! https://jpldataeval.jpl.nasa.gov/pdf/NASA-JPL%20Evaluation%2019-5.pdf
! Assume these are point values (not specified in data source)
POINT
! With FAC, units are (cm^2/molecule)
FAC=1.0
185	1.85E-17	1.00
190	2.01E-17	1.00
195	1.23E-17	1.00
200	7.32E-18	1.00
205	5.19E-18	1.00
210	4.18E-18	1.00
215	3.52E-18	1.00
220	3.02E-18	1.00
225	2.60E-18	1.00
230	2.25E-18	1.00
235	1.97E-18	1.00
240	1.69E-18	1.00
245	1.47E-18	1.00
250	1.28E-18	1.00
255	1.10E-18	1.00
260	9.71E-19	1.00
265	8.42E-19	1.00
270	7.29E-19	1.00
275	6.31E-19	1.00
280	5.44E-19	1.00
285	4.59E-19	1.00
290	3.89E-19	1.00
295	3.24E-19	1.00
300	2.74E-19	1.00
305	2.31E-19	1.00
310	1.81E-19	1.00
315	1.51E-19	1.00
320	1.22E-19	1.00
325	1.05E-19	1.00
330	7.79E-20	1.00
335	6.18E-20	1.00
340	4.71E-20	1.00
345	4.08E-20	1.00
350	2.58E-20	1.00
355	1.94E-20	1.00
360	1.24E-20	1.00
365	1.02E-20	1.00
370	6.59E-21	1.00
375	8.23E-21	1.00
380	1.14E-20	1.00
385	1.01E-20	1.00
390	9.25E-21	1.00
395	1.11E-20	1.00
400	2.93E-20	1.00
405	3.89E-20	1.00
410	4.43E-20	1.00
415	5.44E-20	1.00
420	5.96E-20	1.00
425	8.32E-20	1.00
430	1.35E-19	1.00
435	1.57E-19	1.00
440	2.03E-19	1.00
445	2.58E-19	1.00
450	3.33E-19	1.00
455	4.40E-19	1.00
460	5.71E-19	1.00
465	7.22E-19	1.00
470	8.97E-19	1.00
475	1.09E-18	1.00
480	1.31E-18	1.00
485	1.55E-18	1.00
490	1.79E-18	1.00
495	2.04E-18	1.00
500	2.28E-18	1.00
505	2.54E-18	1.00
510	2.77E-18	1.00
515	2.97E-18	1.00
520	3.09E-18	1.00
525	3.19E-18	1.00
530	3.26E-18	1.00
535	3.20E-18	1.00
540	3.06E-18	1.00
545	2.81E-18	1.00
550	2.65E-18	1.00
555	2.37E-18	1.00
560	1.91E-18	1.00
565	1.55E-18	1.00
570	1.30E-18	1.00
575	9.66E-19	1.00
580	9.27E-19	1.00
585	7.41E-19	1.00
590	6.58E-19	1.00
595	5.94E-19	1.00
600	4.74E-19	1.00
605	4.33E-19	1.00
610	4.08E-19	1.00
615	3.44E-19	1.00
620	3.05E-19	1.00
625	2.82E-19	1.00
630	2.80E-19	1.00
635	2.26E-19	1.00
640	2.36E-19	1.00
645	2.28E-19	1.00
650	2.16E-19	1.00
655	2.07E-19	1.00
660	1.90E-19	1.00
665	1.73E-19	1.00
670	1.77E-19	1.00
675	1.59E-19	1.00
680	1.49E-19	1.00
685	1.39E-19	1.00
690	1.28E-19	1.00
695	1.09E-19	1.00
700	1.03E-19	1.00
