IO_JPL19
! IO + HV = I + O3P
! JPL Publication 19-5;  Evaluation Number 19; May 2020
! Page: 4-377; Table 4H-2-2
! Quantum yield is taken as 1.0
! Chemical Kinetics and Photochemical Data for Use in Atmospheric Studies
! https://jpldataeval.jpl.nasa.gov/pdf/NASA-JPL%20Evaluation%2019-5.pdf
! Assume these are point values (not specified in data source)
POINT
! With FAC, units are (cm^2/molecule)
FAC=1.0
339	8.12E-19	0.91
340	1.18E-18	0.91
341	1.00E-18	0.91
342	1.07E-18	0.91
343	8.90E-19	0.91
344	9.62E-19	0.91
345	8.62E-19	0.91
346	1.26E-18	0.91
347	1.12E-18	0.91
348	1.08E-18	0.91
349	1.42E-18	0.91
350	1.60E-18	0.91
351	1.54E-18	0.91
352	1.65E-18	0.91
353	1.63E-18	0.91
354	1.81E-18	0.91
355	1.85E-18	0.91
356	1.94E-18	0.91
357	2.07E-18	0.91
358	2.23E-18	0.91
359	2.30E-18	0.91
360	2.42E-18	0.91
361	2.47E-18	0.91
362	2.42E-18	0.91
363	2.41E-18	0.91
364	2.68E-18	0.91
365	2.73E-18	0.91
366	2.91E-18	0.91
367	3.13E-18	0.91
368	3.26E-18	0.91
369	3.43E-18	0.91
370	3.46E-18	0.91
371	3.39E-18	0.91
372	3.60E-18	0.91
373	3.81E-18	0.91
374	4.13E-18	0.91
375	4.22E-18	0.91
376	4.02E-18	0.91
377	4.13E-18	0.91
378	4.35E-18	0.91
379	4.63E-18	0.91
380	5.04E-18	0.91
381	5.48E-18	0.91
382	4.72E-18	0.91
383	4.35E-18	0.91
384	5.23E-18	0.91
385	5.60E-18	0.91
386	5.91E-18	0.91
387	6.03E-18	0.91
388	5.80E-18	0.91
389	5.98E-18	0.91
390	6.22E-18	0.91
391	6.20E-18	0.91
392	6.17E-18	0.91
393	6.42E-18	0.91
394	6.84E-18	0.91
395	6.94E-18	0.91
396	7.09E-18	0.91
397	7.01E-18	0.91
398	6.54E-18	0.91
399	6.71E-18	0.91
400	6.71E-18	0.91
401	7.00E-18	0.91
402	7.65E-18	0.91
403	8.59E-18	0.91
404	8.64E-18	0.91
405	7.87E-18	0.91
406	6.67E-18	0.91
407	6.06E-18	0.91
408	5.78E-18	0.91
409	6.43E-18	0.91
410	8.13E-18	0.91
411	1.01E-17	0.91
412	9.76E-18	0.91
413	7.86E-18	0.91
414	5.89E-18	0.91
415	5.68E-18	0.91
416	4.14E-18	0.91
417	4.60E-18	0.91
418	7.34E-18	0.91
419	1.38E-17	0.91
420	1.20E-17	0.91
421	6.81E-18	0.91
422	3.65E-18	0.91
423	2.53E-18	0.91
424	2.04E-18	0.91
425	2.05E-18	0.91
426	3.02E-18	0.91
427	2.05E-17	0.91
428	1.37E-17	0.91
429	5.43E-18	0.91
430	3.09E-18	0.91
431	2.08E-18	0.91
432	1.73E-18	0.91
433	1.66E-18	0.91
434	1.77E-18	0.91
435	6.53E-18	0.91
436	1.88E-17	0.91
437	8.07E-18	0.91
438	3.81E-18	0.91
439	2.49E-18	0.91
440	2.56E-18	0.91
441	2.19E-18	0.91
442	1.68E-18	0.91
443	1.83E-18	0.91
444	1.95E-18	0.91
445	9.57E-18	0.91
446	8.05E-18	0.91
447	3.92E-18	0.91
448	2.14E-18	0.91
449	2.69E-18	0.91
450	1.56E-18	0.91
451	9.69E-19	0.91
452	1.02E-18	0.91
453	8.73E-19	0.91
454	1.00E-18	0.91
455	4.57E-18	0.91
456	4.41E-18	0.91
457	2.13E-18	0.91
458	1.32E-18	0.91
459	1.83E-18	0.91
460	1.23E-18	0.91
461	8.23E-19	0.91
462	5.19E-19	0.91
463	5.36E-19	0.91
464	3.82E-19	0.91
465	4.34E-19	0.91
466	1.18E-18	0.91
467	1.34E-18	0.91
468	6.72E-19	0.91
469	2.42E-19	0.91
470	1.25E-18	0.91
471	7.64E-19	0.91
