OBRO_JPL19
! OBRO + HV = BRO + O3P                
! JPL Publication 19-5; Evaluation Number 19; May 2020
! Page: 4-318; Table 4G-4-2
! Quantum yield is taken as 1.0
! Knight, G.; Ravishankara, A. R.; Burkholder, J. B. Laboratory studies of OBrO. J. Phys. Chem. A 2000, 104, 11121-11125, doi:10.1021/jp002226u
! https://jpldataeval.jpl.nasa.gov/pdf/NASA-JPL%20Evaluation%2019-5.pdf
! Assume these are point values (not specified in data source)
POINT
! With FAC, units are (cm^2/molecule)
FAC=1.0
401	6.67E-19	1.00
402	1.12E-18	1.00
403	1.16E-18	1.00
404	1.53E-18	1.00
405	2.43E-18	1.00
406	1.80E-18	1.00
407	1.31E-18	1.00
408	1.13E-18	1.00
409	1.05E-18	1.00
410	1.28E-18	1.00
411	2.01E-18	1.00
412	1.71E-18	1.00
413	2.39E-18	1.00
414	3.80E-18	1.00
415	2.60E-18	1.00
416	1.80E-18	1.00
417	1.56E-18	1.00
418	1.33E-18	1.00
419	1.47E-18	1.00
420	2.69E-18	1.00
421	2.74E-18	1.00
422	2.29E-18	1.00
423	4.79E-18	1.00
424	4.81E-18	1.00
425	2.87E-18	1.00
426	2.07E-18	1.00
427	1.75E-18	1.00
428	1.49E-18	1.00
429	1.94E-18	1.00
430	4.22E-18	1.00
431	3.82E-18	1.00
432	2.74E-18	1.00
433	5.77E-18	1.00
434	6.61E-18	1.00
435	3.92E-18	1.00
436	2.51E-18	1.00
437	2.08E-18	1.00
438	1.79E-18	1.00
439	1.66E-18	1.00
440	3.63E-18	1.00
441	6.51E-18	1.00
442	4.25E-18	1.00
443	3.63E-18	1.00
444	8.34E-18	1.00
445	7.77E-18	1.00
446	4.52E-18	1.00
447	2.92E-18	1.00
448	2.54E-18	1.00
449	2.14E-18	1.00
450	1.80E-18	1.00
451	3.23E-18	1.00
452	8.54E-18	1.00
453	6.72E-18	1.00
454	3.94E-18	1.00
455	6.33E-18	1.00
456	1.11E-17	1.00
457	7.29E-18	1.00
458	4.26E-18	1.00
459	2.92E-18	1.00
460	3.14E-18	1.00
461	2.62E-18	1.00
462	2.13E-18	1.00
463	3.99E-18	1.00
464	1.10E-17	1.00
465	8.68E-18	1.00
466	5.06E-18	1.00
467	5.62E-18	1.00
468	1.23E-17	1.00
469	1.02E-17	1.00
470	5.68E-18	1.00
471	3.41E-18	1.00
472	2.98E-18	1.00
473	3.62E-18	1.00
474	2.39E-18	1.00
475	2.86E-18	1.00
476	5.63E-18	1.00
477	1.39E-17	1.00
478	9.90E-18	1.00
479	5.67E-18	1.00
480	5.77E-18	1.00
481	1.26E-17	1.00
482	1.31E-17	1.00
483	7.45E-18	1.00
484	4.03E-18	1.00
485	3.01E-18	1.00
486	4.63E-18	1.00
487	3.68E-18	1.00
488	2.98E-18	1.00
489	4.25E-18	1.00
490	8.68E-18	1.00
491	1.58E-17	1.00
492	9.93E-18	1.00
493	6.41E-18	1.00
494	5.83E-18	1.00
495	1.16E-17	1.00
496	1.43E-17	1.00
497	8.26E-18	1.00
498	4.58E-18	1.00
499	2.91E-18	1.00
500	4.05E-18	1.00
501	5.12E-18	1.00
502	3.36E-18	1.00
503	4.19E-18	1.00
504	4.83E-18	1.00
505	1.23E-17	1.00
506	1.65E-17	1.00
507	9.62E-18	1.00
508	6.51E-18	1.00
509	5.56E-18	1.00
510	1.03E-17	1.00
511	1.57E-17	1.00
512	9.53E-18	1.00
513	5.06E-18	1.00
514	3.07E-18	1.00
515	2.82E-18	1.00
516	5.32E-18	1.00
517	4.33E-18	1.00
518	3.03E-18	1.00
519	5.29E-18	1.00
520	5.04E-18	1.00
521	1.39E-17	1.00
522	1.61E-17	1.00
523	9.21E-18	1.00
524	6.22E-18	1.00
525	5.16E-18	1.00
526	6.54E-18	1.00
527	1.53E-17	1.00
528	1.10E-17	1.00
529	5.84E-18	1.00
530	3.26E-18	1.00
531	2.18E-18	1.00
532	3.47E-18	1.00
533	5.47E-18	1.00
534	3.61E-18	1.00
535	3.44E-18	1.00
536	5.39E-18	1.00
537	4.34E-18	1.00
538	1.20E-17	1.00
539	1.50E-17	1.00
540	8.88E-18	1.00
541	5.46E-18	1.00
542	4.42E-18	1.00
543	3.12E-18	1.00
544	9.91E-18	1.00
545	1.23E-17	1.00
546	7.16E-18	1.00
547	3.95E-18	1.00
548	2.52E-18	1.00
549	1.61E-18	1.00
550	3.02E-18	1.00
551	4.76E-18	1.00
552	3.00E-18	1.00
553	2.55E-18	1.00
554	4.61E-18	1.00
555	3.49E-18	1.00
556	5.32E-18	1.00
557	1.25E-17	1.00
558	8.70E-18	1.00
559	4.72E-18	1.00
560	3.50E-18	1.00
561	2.67E-18	1.00
562	2.04E-18	1.00
563	7.91E-18	1.00
564	8.85E-18	1.00
565	5.04E-18	1.00
566	2.75E-18	1.00
567	1.70E-18	1.00
568	1.07E-18	1.00