OCLO_JPL19
! OCLO + hν  =  CLO + O3P
! JPL Publication 19-5;  Evaluation Number 19; May 2020
! Page: 4-211-to 4-216; Table 4F-4-2 for absorption cross-section
! Quantum yield is taken as 1.0
! Wahner, A.; Tyndall, G. S.; Ravishankara, A. R. Absorption cross sections for OClO as a function of temperature in the wavelength range 240-480 nm. J. Phys. Chem. 1987, 91, 2734-2738, doi:10.1021/j100295a018
! Chemical Kinetics and Photochemical Data for Use in Atmospheric Studies
! https://jpldataeval.jpl.nasa.gov/pdf/NASA-JPL%20Evaluation%2019-5.pdf
! Assume these are point values (not specified in data source)
POINT
! With FAC, units are (cm^2/molecule)
FAC=1.0
247	3.56E-19	1.0
248	3.44E-19	1.0
249	3.37E-19	1.0
250	3.46E-19	1.0
251	3.43E-19	1.0
252	3.46E-19	1.0
253	3.41E-19	1.0
254	3.49E-19	1.0
255	3.43E-19	1.0
256	3.48E-19	1.0
257	3.48E-19	1.0
258	3.51E-19	1.0
259	3.50E-19	1.0
260	3.58E-19	1.0
261	3.65E-19	1.0
262	3.75E-19	1.0
263	3.82E-19	1.0
264	3.80E-19	1.0
265	3.88E-19	1.0
266	3.99E-19	1.0
267	4.04E-19	1.0
268	4.23E-19	1.0
269	4.46E-19	1.0
270	4.43E-19	1.0
271	4.57E-19	1.0
272	4.99E-19	1.0
273	4.91E-19	1.0
274	4.81E-19	1.0
275	5.48E-19	1.0
276	5.83E-19	1.0
277	5.25E-19	1.0
278	5.43E-19	1.0
279	6.74E-19	1.0
280	6.72E-19	1.0
281	5.83E-19	1.0
282	6.54E-19	1.0
283	8.24E-19	1.0
284	7.76E-19	1.0
285	6.72E-19	1.0
286	7.77E-19	1.0
287	1.00E-18	1.0
288	9.37E-19	1.0
289	7.94E-19	1.0
290	9.05E-19	1.0
291	1.27E-18	1.0
292	1.16E-18	1.0
293	9.09E-19	1.0
294	9.41E-19	1.0
295	1.47E-18	1.0
296	1.72E-18	1.0
297	1.22E-18	1.0
298	9.20E-19	1.0
299	1.06E-18	1.0
300	2.26E-18	1.0
301	2.22E-18	1.0
302	1.43E-18	1.0
303	9.43E-19	1.0
304	9.61E-19	1.0
305	2.76E-18	1.0
306	3.28E-18	1.0
307	1.90E-18	1.0
308	1.16E-18	1.0
309	8.54E-19	1.0
310	1.68E-18	1.0
311	5.11E-18	1.0
312	3.38E-18	1.0
313	1.74E-18	1.0
314	1.07E-18	1.0
315	9.42E-19	1.0
316	2.39E-18	1.0
317	6.86E-18	1.0
318	3.60E-18	1.0
319	1.76E-18	1.0
320	1.14E-18	1.0
321	1.25E-18	1.0
322	2.79E-18	1.0
323	8.73E-18	1.0
324	4.43E-18	1.0
325	1.92E-18	1.0
326	1.21E-18	1.0
327	1.47E-18	1.0
328	2.21E-18	1.0
329	8.38E-18	1.0
330	7.82E-18	1.0
331	2.85E-18	1.0
332	1.55E-18	1.0
333	1.47E-18	1.0
334	2.08E-18	1.0
335	3.55E-18	1.0
336	1.09E-17	1.0
337	7.82E-18	1.0
338	2.66E-18	1.0
339	1.55E-18	1.0
340	1.67E-18	1.0
341	2.50E-18	1.0
342	4.14E-18	1.0
343	9.25E-18	1.0
344	1.09E-17	1.0
345	3.88E-18	1.0
346	1.76E-18	1.0
347	1.61E-18	1.0
348	2.58E-18	1.0
349	3.20E-18	1.0
350	5.81E-18	1.0
351	1.10E-17	1.0
352	9.93E-18	1.0
353	3.30E-18	1.0
354	1.64E-18	1.0
355	1.90E-18	1.0
356	2.76E-18	1.0
357	3.43E-18	1.0
358	5.97E-18	1.0
359	8.30E-18	1.0
360	1.21E-17	1.0
361	4.77E-18	1.0
362	1.73E-18	1.0
363	1.79E-18	1.0
364	2.07E-18	1.0
365	3.61E-18	1.0
366	4.03E-18	1.0
367	6.25E-18	1.0
368	9.19E-18	1.0
369	9.03E-18	1.0
370	2.68E-18	1.0
371	1.07E-18	1.0
372	1.80E-18	1.0
373	1.70E-18	1.0
374	3.64E-18	1.0
375	3.76E-18	1.0
376	5.54E-18	1.0
377	7.18E-18	1.0
378	8.81E-18	1.0
379	2.78E-18	1.0
380	9.24E-19	1.0
381	1.35E-18	1.0
382	1.48E-18	1.0
383	2.66E-18	1.0
384	2.98E-18	1.0
385	4.40E-18	1.0
386	3.45E-18	1.0
387	7.62E-18	1.0
388	5.91E-18	1.0
389	1.73E-18	1.0
390	7.14E-19	1.0
391	1.23E-18	1.0
392	1.09E-18	1.0
393	2.03E-18	1.0
394	2.70E-18	1.0
395	2.85E-18	1.0
396	2.75E-18	1.0
397	3.70E-18	1.0
398	6.53E-18	1.0
399	2.25E-18	1.0
400	7.01E-19	1.0
401	4.56E-19	1.0
402	9.69E-19	1.0
403	5.63E-19	1.0
404	1.96E-18	1.0
405	1.94E-18	1.0
406	1.85E-18	1.0
407	1.60E-18	1.0
408	1.58E-18	1.0
409	4.93E-18	1.0
410	2.10E-18	1.0
411	7.16E-19	1.0
412	3.40E-19	1.0
413	4.68E-19	1.0
414	4.46E-19	1.0
415	3.00E-19	1.0
416	1.64E-18	1.0
417	1.00E-18	1.0
418	1.07E-18	1.0
419	7.51E-19	1.0
420	8.14E-19	1.0
421	3.23E-18	1.0
422	1.51E-18	1.0
423	5.00E-19	1.0
424	2.38E-19	1.0
425	2.33E-19	1.0
426	1.45E-19	1.0
427	4.38E-19	1.0
428	9.95E-19	1.0
429	4.69E-19	1.0
430	4.43E-19	1.0
431	2.33E-19	1.0
432	4.70E-19	1.0
433	1.73E-18	1.0
434	6.96E-19	1.0
435	2.46E-19	1.0
436	1.12E-19	1.0
437	7.68E-20	1.0
438	9.09E-20	1.0
439	5.13E-20	1.0
440	1.25E-19	1.0
441	4.78E-19	1.0
442	2.32E-19	1.0
443	1.47E-19	1.0
444	7.59E-20	1.0
445	3.96E-20	1.0
446	4.68E-19	1.0
447	5.52E-19	1.0
448	1.84E-19	1.0
449	7.17E-20	1.0
450	6.96E-20	1.0
451	4.50E-20	1.0
452	1.66E-20	1.0
453	3.57E-20	1.0
454	9.07E-21	1.0
455	1.33E-19	1.0
456	9.70E-20	1.0
457	4.76E-20	1.0
458	4.25E-20	1.0
459	3.98E-20	1.0
460	1.84E-20	1.0
461	1.71E-19	1.0
462	1.79E-19	1.0
463	1.18E-19	1.0
464	1.00E-19	1.0
465	4.01E-20	1.0
466	1.40E-20	1.0
467	2.53E-20	1.0
468	1.01E-19	1.0
469	1.50E-19	1.0
470	7.69E-20	1.0
471	6.14E-20	1.0
472	3.18E-20	1.0