PPN_2011
!PPN + HV = #.61 {C2H5CO3 + NO2} + #.39 {C2H5O2 + CO2 + NO3}
! NASA (2011) recommended absorption cross sections and overall quantum yields
! Recommended overall quantum yield for NO3 formation at 308 nm is 0.39.
!
Points (the mechanism evaluated with this format)                                
! With FAC, units are (cm^2/molecule)                                            
FAC=1.0                                                                          
210.0 1.749E-18 1.000
212.0 1.547E-18 1.000
214.0 1.356E-18 1.000
216.0 1.156E-18 1.000
218.0 1.004E-18 1.000
220.0 8.653E-19 1.000
222.0 7.508E-19 1.000
224.0 6.514E-19 1.000
226.0 5.721E-19 1.000
228.0 4.989E-19 1.000
230.0 4.387E-19 1.000
232.0 3.855E-19 1.000
234.0 3.383E-19 1.000
236.0 2.971E-19 1.000
238.0 2.600E-19 1.000
240.0 2.279E-19 1.000
242.0 1.998E-19 1.000
244.0 1.756E-19 1.000
246.0 1.545E-19 1.000
248.0 1.365E-19 1.000
250.0 1.204E-19 1.000
252.0 1.063E-19 1.000
254.0 9.391E-20 1.000
256.0 8.345E-20 1.000
258.0 7.388E-20 1.000
260.0 6.542E-20 1.000
262.0 5.755E-20 1.000
264.0 5.048E-20 1.000
266.0 4.432E-20 1.000
268.0 3.876E-20 1.000
270.0 3.380E-20 1.000
272.0 2.934E-20 1.000
274.0 2.539E-20 1.000
276.0 2.193E-20 1.000
278.0 1.888E-20 1.000
280.0 1.613E-20 1.000
282.0 1.369E-20 1.000
284.0 1.154E-20 1.000
286.0 9.702E-21 1.000
288.0 8.166E-21 1.000
290.0 6.854E-21 1.000
292.0 5.714E-21 1.000
294.0 4.799E-21 1.000
296.0 4.047E-21 1.000
298.0 3.387E-21 1.000
300.0 2.851E-21 1.000
302.0 2.384E-21 1.000
304.0 2.012E-21 1.000
306.0 1.701E-21 1.000
308.0 1.430E-21 1.000
310.0 1.202E-21 1.000
312.0 1.016E-21 1.000
314.0 8.838E-22 1.000
316.0 7.307E-22 1.000
318.0 6.068E-22 1.000
320.0 5.230E-22 1.000
322.0 4.728E-22 1.000
324.0 3.788E-22 1.000
326.0 3.024E-22 1.000
328.0 2.602E-22 1.000
330.0 2.220E-22 1.000
332.0 1.880E-22 1.000
334.0 1.581E-22 1.000
336.0 1.161E-22 1.000
338.0 9.796E-23 1.000
340.0 7.201E-23 1.000